RANK                0            1            2            3            4              5            6            7             8           9           10          11          12          13          14          15          16          17          18          19          20          21          22          23          24          25          26          27          28          29          30          31          32          33          34          35          36
exploi/True/1      89            8                                      2                                                                                                                                                                                                                                                                                                                                                                                                        
exploi/True/0.6    28           22           22           10            6              8                         2                                                                                                                                                                                                                                                                                                                                                               
exploi/True/0.7    40           20           18           16            4                                                                                                                                                                                                                                                                                                                                                                                                        
random             42           16           20           12            2              6                                                                                                                                                                                                                                                                                                                                                                                         
exploi/True/0.8    55           24           12            6            2                                                                                                                                                                                                                                                                                                                                                                                                        
exploi/True/0.9    83            6            8                                        2                                                                                                                                                                                                                                                                                                                                                                                         
baseline            2            6            8           12           28             16           12            8                         2            2                                                                                                                                                                                                                                                                                                                       2
#
#EVALS
RANK                      0            1            2            3            4              5            6            7             8           9           10          11          12          13          14          15          16          17          18          19          20          21          22          23          24          25          26          27          28          29          30          31          32          33          34          35          36
exploi/True/1      25 (  5)     26 (  0)      0 (  0)      0 (  0)     35 (  0)        0 (  0)      0 (  0)      0 (  0)       0 (  0)     0 (  0)      0 (  0)     0 (  0)     0 (  0)     0 (  0)     0 (  0)     0 (  0)     0 (  0)     0 (  0)     0 (  0)     0 (  0)     0 (  0)     0 (  0)     0 (  0)     0 (  0)     0 (  0)     0 (  0)     0 (  0)     0 (  0)     0 (  0)     0 (  0)     0 (  0)     0 (  0)     0 (  0)     0 (  0)     0 (  0)     0 (  0)     0 (  0)
exploi/True/0.6    19 (  1)     17 (  1)     21 (  3)     21 (  0)     20 (  0)       17 (  0)      0 (  0)     25 (  0)       0 (  0)     0 (  0)      0 (  0)     0 (  0)     0 (  0)     0 (  0)     0 (  0)     0 (  0)     0 (  0)     0 (  0)     0 (  0)     0 (  0)     0 (  0)     0 (  0)     0 (  0)     0 (  0)     0 (  0)     0 (  0)     0 (  0)     0 (  0)     0 (  0)     0 (  0)     0 (  0)     0 (  0)     0 (  0)     0 (  0)     0 (  0)     0 (  0)     0 (  0)
exploi/True/0.7    22 (  7)     25 (  7)     21 (  0)     17 (  0)     20 (  0)        0 (  0)      0 (  0)      0 (  0)       0 (  0)     0 (  0)      0 (  0)     0 (  0)     0 (  0)     0 (  0)     0 (  0)     0 (  0)     0 (  0)     0 (  0)     0 (  0)     0 (  0)     0 (  0)     0 (  0)     0 (  0)     0 (  0)     0 (  0)     0 (  0)     0 (  0)     0 (  0)     0 (  0)     0 (  0)     0 (  0)     0 (  0)     0 (  0)     0 (  0)     0 (  0)     0 (  0)     0 (  0)
random             24 (  7)     26 (  0)     31 (  9)     23 (  0)     35 (  0)       30 (  0)      0 (  0)      0 (  0)       0 (  0)     0 (  0)      0 (  0)     0 (  0)     0 (  0)     0 (  0)     0 (  0)     0 (  0)     0 (  0)     0 (  0)     0 (  0)     0 (  0)     0 (  0)     0 (  0)     0 (  0)     0 (  0)     0 (  0)     0 (  0)     0 (  0)     0 (  0)     0 (  0)     0 (  0)     0 (  0)     0 (  0)     0 (  0)     0 (  0)     0 (  0)     0 (  0)     0 (  0)
exploi/True/0.8    21 (  3)     25 (  5)     32 (  0)     15 (  0)     35 (  0)        0 (  0)      0 (  0)      0 (  0)       0 (  0)     0 (  0)      0 (  0)     0 (  0)     0 (  0)     0 (  0)     0 (  0)     0 (  0)     0 (  0)     0 (  0)     0 (  0)     0 (  0)     0 (  0)     0 (  0)     0 (  0)     0 (  0)     0 (  0)     0 (  0)     0 (  0)     0 (  0)     0 (  0)     0 (  0)     0 (  0)     0 (  0)     0 (  0)     0 (  0)     0 (  0)     0 (  0)     0 (  0)
exploi/True/0.9    25 (  9)     30 (  0)     20 (  0)      0 (  0)      0 (  0)       15 (  0)      0 (  0)      0 (  0)       0 (  0)     0 (  0)      0 (  0)     0 (  0)     0 (  0)     0 (  0)     0 (  0)     0 (  0)     0 (  0)     0 (  0)     0 (  0)     0 (  0)     0 (  0)     0 (  0)     0 (  0)     0 (  0)     0 (  0)     0 (  0)     0 (  0)     0 (  0)     0 (  0)     0 (  0)     0 (  0)     0 (  0)     0 (  0)     0 (  0)     0 (  0)     0 (  0)     0 (  0)
baseline          3840 (  0)   2213 (  0)   3558 (  0)   2430 (  0)   12754 (1023)   3752 (  0)   3590 (  0)   13899 (  0)     0 (  0)   1152 (  0)   206 (  0)     0 (  0)     0 (  0)     0 (  0)     0 (  0)     0 (  0)     0 (  0)     0 (  0)     0 (  0)     0 (  0)     0 (  0)     0 (  0)     0 (  0)     0 (  0)     0 (  0)     0 (  0)     0 (  0)     0 (  0)     0 (  0)     0 (  0)     0 (  0)     0 (  0)     0 (  0)     0 (  0)     0 (  0)     0 (  0)   10000 (  0)
#
#DELTAS
RANK                      0            1            2            3            4              5            6            7             8           9           10          11          12          13          14          15          16          17          18          19          20          21          22          23          24          25          26          27          28          29          30          31          32          33          34          35          36
exploi/True/1      70 ( 27)     76 (  0)      0 (  0)      0 (  0)     35 (  0)        0 (  0)      0 (  0)      0 (  0)       0 (  0)     0 (  0)      0 (  0)     0 (  0)     0 (  0)     0 (  0)     0 (  0)     0 (  0)     0 (  0)     0 (  0)     0 (  0)     0 (  0)     0 (  0)     0 (  0)     0 (  0)     0 (  0)     0 (  0)     0 (  0)     0 (  0)     0 (  0)     0 (  0)     0 (  0)     0 (  0)     0 (  0)     0 (  0)     0 (  0)     0 (  0)     0 (  0)     0 (  0)
exploi/True/0.6    72 ( 35)     71 ( 19)     56 ( 20)     56 (  0)     38 (  0)       70 (  0)      0 (  0)     66 (  0)       0 (  0)     0 (  0)      0 (  0)     0 (  0)     0 (  0)     0 (  0)     0 (  0)     0 (  0)     0 (  0)     0 (  0)     0 (  0)     0 (  0)     0 (  0)     0 (  0)     0 (  0)     0 (  0)     0 (  0)     0 (  0)     0 (  0)     0 (  0)     0 (  0)     0 (  0)     0 (  0)     0 (  0)     0 (  0)     0 (  0)     0 (  0)     0 (  0)     0 (  0)
exploi/True/0.7    73 ( 22)     62 ( 23)     58 (  0)     67 (  0)     67 (  0)        0 (  0)      0 (  0)      0 (  0)       0 (  0)     0 (  0)      0 (  0)     0 (  0)     0 (  0)     0 (  0)     0 (  0)     0 (  0)     0 (  0)     0 (  0)     0 (  0)     0 (  0)     0 (  0)     0 (  0)     0 (  0)     0 (  0)     0 (  0)     0 (  0)     0 (  0)     0 (  0)     0 (  0)     0 (  0)     0 (  0)     0 (  0)     0 (  0)     0 (  0)     0 (  0)     0 (  0)     0 (  0)
random             67 ( 28)     66 (  0)     55 ( 29)     57 (  0)     72 (  0)       79 (  0)      0 (  0)      0 (  0)       0 (  0)     0 (  0)      0 (  0)     0 (  0)     0 (  0)     0 (  0)     0 (  0)     0 (  0)     0 (  0)     0 (  0)     0 (  0)     0 (  0)     0 (  0)     0 (  0)     0 (  0)     0 (  0)     0 (  0)     0 (  0)     0 (  0)     0 (  0)     0 (  0)     0 (  0)     0 (  0)     0 (  0)     0 (  0)     0 (  0)     0 (  0)     0 (  0)     0 (  0)
exploi/True/0.8    66 ( 28)     75 ( 17)     57 (  0)     84 (  0)     35 (  0)        0 (  0)      0 (  0)      0 (  0)       0 (  0)     0 (  0)      0 (  0)     0 (  0)     0 (  0)     0 (  0)     0 (  0)     0 (  0)     0 (  0)     0 (  0)     0 (  0)     0 (  0)     0 (  0)     0 (  0)     0 (  0)     0 (  0)     0 (  0)     0 (  0)     0 (  0)     0 (  0)     0 (  0)     0 (  0)     0 (  0)     0 (  0)     0 (  0)     0 (  0)     0 (  0)     0 (  0)     0 (  0)
exploi/True/0.9    73 ( 22)     59 (  0)     57 (  0)      0 (  0)      0 (  0)       35 (  0)      0 (  0)      0 (  0)       0 (  0)     0 (  0)      0 (  0)     0 (  0)     0 (  0)     0 (  0)     0 (  0)     0 (  0)     0 (  0)     0 (  0)     0 (  0)     0 (  0)     0 (  0)     0 (  0)     0 (  0)     0 (  0)     0 (  0)     0 (  0)     0 (  0)     0 (  0)     0 (  0)     0 (  0)     0 (  0)     0 (  0)     0 (  0)     0 (  0)     0 (  0)     0 (  0)     0 (  0)
baseline            0 (  0)      0 (  0)      0 (  0)      0 (  0)      0 (  0)        0 (  0)      0 (  0)      0 (  0)       0 (  0)     0 (  0)      0 (  0)     0 (  0)     0 (  0)     0 (  0)     0 (  0)     0 (  0)     0 (  0)     0 (  0)     0 (  0)     0 (  0)     0 (  0)     0 (  0)     0 (  0)     0 (  0)     0 (  0)     0 (  0)     0 (  0)     0 (  0)     0 (  0)     0 (  0)     0 (  0)     0 (  0)     0 (  0)     0 (  0)     0 (  0)     0 (  0)     0 (  0)
