RANK              0            1           2           3            4             5             6            7             8           9
exploi/False     81           12           6                                                                                            
EXPLORE/True     53           22          16           2            2             4                                                     
random           38           18          24           6           12                                                                   
exploi/True      89            4           6                                                                                            
EXPLORE/False    61           14          16           6            2                                                                   
baseline          4                                   10           18            24            12           22             6           2
#
#EVALS
RANK                    0            1           2           3            4             5             6            7             8           9
exploi/False     29 (  7)     28 (  0)    26 (  0)     0 (  0)      0 (  0)       0 (  0)       0 (  0)      0 (  0)       0 (  0)     0 (  0)
EXPLORE/True     29 ( 11)     30 (  7)    26 (  0)    40 (  0)     30 (  0)      15 (  0)       0 (  0)      0 (  0)       0 (  0)     0 (  0)
random           27 (  7)     32 (  0)    31 ( 11)    30 (  0)     28 (  0)       0 (  0)       0 (  0)      0 (  0)       0 (  0)     0 (  0)
exploi/True      28 (  7)     35 (  0)    20 (  0)     0 (  0)      0 (  0)       0 (  0)       0 (  0)      0 (  0)       0 (  0)     0 (  0)
EXPLORE/False    31 (  7)     32 (  0)    26 (  0)    20 (  0)     30 (  0)       0 (  0)       0 (  0)      0 (  0)       0 (  0)     0 (  0)
baseline        3648 (  0)     0 (  0)     0 (  0)   3053 (  0)   17881 (  0)   2980 (1423)   2206 (  0)   9356 (3829)   250 (  0)   206 (  0)
#
#DELTAS
RANK                    0            1           2           3            4             5             6            7             8           9
exploi/False     73 ( 23)     54 (  0)    43 (  0)     0 (  0)      0 (  0)       0 (  0)       0 (  0)      0 (  0)       0 (  0)     0 (  0)
EXPLORE/True     66 ( 25)     72 ( 23)    63 (  0)    59 (  0)     54 (  0)      52 (  0)       0 (  0)      0 (  0)       0 (  0)     0 (  0)
random           66 ( 26)     68 (  0)    63 ( 16)    79 (  0)     43 (  0)       0 (  0)       0 (  0)      0 (  0)       0 (  0)     0 (  0)
exploi/True      72 ( 23)     52 (  0)    54 (  0)     0 (  0)      0 (  0)       0 (  0)       0 (  0)      0 (  0)       0 (  0)     0 (  0)
EXPLORE/False    68 ( 28)     71 (  0)    62 (  0)    55 (  0)     66 (  0)       0 (  0)       0 (  0)      0 (  0)       0 (  0)     0 (  0)
baseline          0 (  0)      0 (  0)     0 (  0)     0 (  0)      0 (  0)       0 (  0)       0 (  0)      0 (  0)       0 (  0)     0 (  0)
